0.344078
0.382158
0.013679
0.017929
0.000000
0.670398
0.387196
0.381565
0.012919
0.019618
0.000000
0.851710
0.429085
0.380500
0.011965
0.017564
0.000000
0.957378
0.476504
0.379635
0.012677
0.016786
0.000000
0.904040
0.517112
0.377553
0.013818
0.018775
0.000000
0.790873
0.556620
0.382063
0.013453
0.017998
0.000000
0.656989
0.559259
0.381687
0.014267
0.019019
0.000000
0.656446
0.594528
0.383686
0.012423
0.018283
0.000000
0.747089
0.630489
0.383241
0.011324
0.017903
0.000000
0.769295
0.669727
0.383697
0.013155
0.019080
0.000000
0.673533
0.144092
0.394183
0.014229
0.020670
0.000000
0.890853
0.181068
0.390091
0.013631
0.018776
0.000000
0.895422
0.226527
0.391608
0.013640
0.019325
0.000000
0.956971
0.263431
0.387687
0.013614
0.018242
0.000000
0.939625
0.306014
0.392045
0.013096
0.021853
0.000000
0.850641
0.510840
0.400097
0.012615
0.017490
0.000000
0.600928
0.594423
0.386393
0.013487
0.022280
0.000000
0.620519
0.629031
0.388333
0.012169
0.020603
0.000000
0.546488
0.669468
0.387167
0.013631
0.019045
0.000000
0.559506
0.753921
0.387703
0.013075
0.019843
0.000000
0.878510
0.793238
0.388180
0.010461
0.015821
0.000000
0.875152
0.834444
0.387154
0.012371
0.018238
0.000000
0.772865
0.201668
0.408559
0.011335
0.016474
0.000000
0.716862
0.241565
0.418622
0.011470
0.016824
0.000000
0.761445
0.281448
0.414885
0.012540
0.018996
0.000000
0.932370
0.319595
0.413808
0.011865
0.018410
0.000000
0.821278
0.360675
0.413878
0.010896
0.017368
0.000000
0.888125
0.398713
0.409972
0.011471
0.019448
0.000000
0.699007
0.435514
0.411800
0.011102
0.018431
0.000000
0.877367
0.474152
0.414496
0.011359
0.021701
0.000000
0.727329
0.546790
0.409840
0.010162
0.019467
0.000000
0.772980
0.622075
0.411929
0.010720
0.020670
0.000000
0.798499
0.661964
0.415518
0.010846
0.016810
0.000000
0.557192
0.696361
0.408856
0.010530
0.019894
0.000000
0.757309
0.736687
0.408930
0.011158
0.018925
0.000000
0.833996
0.777388
0.418468
0.010494
0.014223
0.000000
0.793192
0.819898
0.411715
0.011125
0.014440
0.000000
0.813329
0.906871
0.409197
0.011106
0.019087
0.000000
0.746438
0.101559
0.430117
0.015643
0.023906
0.000000
0.807063
0.293319
0.430048
0.012829
0.019280
0.000000
0.765314
0.338350
0.433192
0.011749
0.020743
0.000000
0.955355
0.378461
0.431330
0.011455
0.019537
0.000000
0.914016
0.419097
0.435476
0.010720
0.018378
0.000000
0.917005
0.470203
0.432273
0.011717
0.023253
0.000000
0.759597
0.514486
0.436606
0.011475
0.022746
0.000000
0.902761
0.555549
0.436129
0.009963
0.018036
0.000000
0.757389
0.598470
0.439768
0.011048
0.020716
0.000000
0.627410
0.645538
0.437477
0.011670
0.022021
0.000000
0.898155
0.698517
0.435861
0.011162
0.020396
0.000000
0.826870
0.747662
0.433915
0.012034
0.020461
0.000000
0.568487
0.798589
0.434571
0.010428
0.017002
0.000000
0.637265
0.843204
0.427195
0.012166
0.020079
0.000000
0.852774
0.894355
0.437498
0.011054
0.019758
0.000000
0.559239
0.139413
0.454647
0.015674
0.028933
0.000000
0.775063
0.188472
0.457372
0.013505
0.027960
0.000000
0.855307
0.254973
0.449522
0.012896
0.022619
0.000000
0.786619
0.310338
0.459997
0.011540
0.021162
0.000000
0.812018
0.356810
0.459209
0.010598
0.018932
0.000000
0.955065
0.397891
0.459567
0.012003
0.021265
0.000000
0.954292
0.483843
0.458794
0.010535
0.022820
0.000000
0.916150
0.626864
0.458979
0.010863
0.019962
0.000000
0.651768
0.670649
0.458230
0.009946
0.017781
0.000000
0.714105
0.754375
0.456902
0.009831
0.018113
0.000000
0.534298
0.876384
0.455238
0.013332
0.023031
0.000000
0.810225
0.093648
0.465745
0.014519
0.025789
0.000000
0.882406
0.227024
0.467333
0.013513
0.022336
0.000000
0.875643
0.259944
0.467622
0.012905
0.022175
0.000000
0.639549
0.529962
0.465378
0.011981
0.022986
0.000000
0.964825
0.585157
0.466917
0.011611
0.022761
0.000000
0.734702
0.709753
0.468465
0.011840
0.021195
0.000000
0.500235
0.797534
0.465963
0.012193
0.022478
0.000000
0.918324
0.839979
0.467548
0.013168
0.019820
0.000000
0.889551
0.929534
0.465577
0.012383
0.021028
0.000000
0.828259
0.291534
0.496369
0.011221
0.025256
0.000000
0.626494
0.324512
0.497526
0.010663
0.020690
0.000000
0.525408
0.328166
0.496261
0.011052
0.027694
0.000000
0.628141
0.361025
0.496021
0.009482
0.021448
0.000000
0.858729
0.398619
0.495736
0.010632
0.019656
0.000000
0.818418
0.431062
0.495224
0.011960
0.025737
0.000000
0.835310
0.467988
0.496880
0.011194
0.022503
0.000000
0.915141
0.511200
0.496025
0.012006
0.020835
0.000000
0.782729
0.549815
0.495821
0.011058
0.022459
0.000000
0.839758
0.580800
0.495871
0.011821
0.021906
0.000000
0.589958
0.649440
0.497114
0.011568
0.025006
0.000000
0.826619
0.690048
0.497010
0.011348
0.018659
0.000000
0.711617
0.728925
0.496924
0.010794
0.021688
0.000000
0.817072
0.824002
0.497866
0.014532
0.025043
0.000000
0.878951
0.873274
0.487839
0.012999
0.020938
0.000000
0.964397
0.920891
0.487011
0.012195
0.020332
0.000000
0.674337
0.078575
0.512409
0.012193
0.024189
0.000000
0.678847
0.226152
0.511073
0.011661
0.022249
0.000000
0.627411
0.612457
0.501994
0.010760
0.022842
0.000000
0.786093
0.649251
0.502097
0.011615
0.025003
0.000000
0.516731
0.766890
0.503108
0.011656
0.020636
0.000000
0.638635
0.119390
0.524328
0.014092
0.020887
0.000000
0.716725
0.185912
0.528136
0.012196
0.023175
0.000000
0.580013
0.223087
0.525916
0.013127
0.023433
0.000000
0.775870
0.261145
0.525271
0.013023
0.023996
0.000000
0.822106
0.306622
0.532760
0.010167
0.021996
0.000000
0.562241
0.309113
0.532383
0.009785
0.022389
0.000000
0.750076
0.354196
0.529050
0.010590
0.018754
0.000000
0.939546
0.406039
0.528412
0.012546
0.023376
0.000000
0.921552
0.491325
0.527570
0.010953
0.020479
0.000000
0.968052
0.533807
0.529701
0.011493
0.021072
0.000000
0.948835
0.568907
0.523534
0.010758
0.023557
0.000000
0.843564
0.649128
0.530323
0.011025
0.023068
0.000000
0.597092
0.683575
0.530591
0.010766
0.020498
0.000000
0.919345
0.733292
0.528807
0.014543
0.024786
0.000000
0.780325
0.762722
0.532526
0.012193
0.021103
0.000000
0.844791
0.793553
0.525417
0.011081
0.020895
0.000000
0.916009
0.830544
0.531053
0.012607
0.021279
0.000000
0.944124
0.863398
0.533755
0.011137
0.020634
0.000000
0.535144
0.900849
0.522613
0.010834
0.019720
0.000000
0.776447
0.941050
0.521418
0.011917
0.023795
0.000000
0.709445
0.161130
0.560506
0.012079
0.022368
0.000000
0.893193
0.200965
0.565394
0.014292
0.026200
0.000000
0.966742
0.339238
0.563756
0.012454
0.023357
0.000000
0.786924
0.387209
0.563778
0.011930
0.020959
0.000000
0.838992
0.441422
0.563454
0.012591
0.024763
0.000000
0.532521
0.443441
0.567223
0.011949
0.021791
0.000000
0.567724
0.530263
0.563064
0.012745
0.020181
0.000000
0.647316
0.568213
0.561800
0.011856
0.018853
0.000000
0.786086
0.611877
0.563845
0.011513
0.022673
0.000000
0.921859
0.646094
0.563550
0.011613
0.022014
0.000000
0.816488
0.686382
0.565617
0.011794
0.019148
0.000000
0.954071
0.726022
0.563931
0.010524
0.018582
0.000000
0.667368
0.762877
0.563383
0.011332
0.017815
0.000000
0.848342
0.806005
0.564992
0.009971
0.018222
0.000000
0.749843
0.886852
0.566715
0.012122
0.018609
0.000000
0.701964
0.914880
0.563949
0.011099
0.021671
0.000000
0.825320
0.951175
0.562214
0.010754
0.019836
0.000000
0.818910
0.146295
0.593724
0.014865
0.022609
0.000000
0.691875
0.256382
0.593440
0.012385
0.022461
0.000000
0.884171
0.317682
0.593484
0.011773
0.020396
0.000000
0.935774
0.374602
0.593892
0.015143
0.023578
0.000000
0.936944
0.486093
0.592042
0.013885
0.024574
0.000000
0.966109
0.650961
0.593424
0.013031
0.023802
0.000000
0.502384
0.704238
0.594818
0.013024
0.021283
0.000000
0.653134
0.757862
0.592738
0.014475
0.023245
0.000000
0.677065
0.092291
0.601309
0.010995
0.023235
0.000000
0.654736
0.257099
0.597920
0.012448
0.022780
0.000000
0.610099
0.377189
0.597238
0.012916
0.022929
0.000000
0.528226
0.428377
0.600726
0.012167
0.019348
0.000000
0.858712
0.547708
0.602231
0.014008
0.023429
0.000000
0.978388
0.598589
0.599371
0.012510
0.021312
0.000000
0.930594
0.651816
0.598874
0.012270
0.022257
0.000000
0.661242
0.706563
0.597718
0.010343
0.019705
0.000000
0.838091
0.757004
0.597858
0.012841
0.019970
0.000000
0.674377
0.810101
0.604498
0.009948
0.017782
0.000000
0.774565
0.867722
0.604843
0.009974
0.016739
0.000000
0.675204
0.920302
0.603111
0.011450
0.018414
0.000000
0.770227
0.964265
0.601994
0.010127
0.020093
0.000000
0.715289
####
-1
&&&&
python end!!!
30840892.0
